11
sp|P07814|SYEP_HUMAN  0.0000000 0.7495676 0.1179040 1.4918251 3.4861555 3.3530911 4.7865328 3.4797732 4.9940690 0.8413289 4.2549942 
sp|P28668|SYEP_DROME  0.7495676 0.0000000 0.7440372 1.5870282 4.0321647 4.0556759 5.3908057 3.5316738 5.3294092 0.8581346 4.6803876 
sp|Q8CGC7|SYEP_MOUSE  0.1179040 0.7440372 0.0000000 1.5253015 3.5187773 3.3859363 4.7839175 3.4743302 5.0029988 0.8162534 4.0323045 
sp|Q9FYR6|SYPM_ARATH  1.4918251 1.5870282 1.5253015 0.0000000 3.8708764 4.0303589 5.0967798 3.3771985 5.2464649 1.4245947 4.6598531 
sp|Q7L3T8|SYPM_HUMAN  3.4861555 4.0321647 3.5187773 3.8708764 0.0000000 0.2238971 3.5780802 2.0097181 3.7606698 3.8479150 3.9006970 
sp|Q8CFI5|SYPM_MOUSE  3.3530911 4.0556759 3.3859363 4.0303589 0.2238971 0.0000000 3.3540026 1.9480976 3.4900900 3.8658868 3.5192087 
sp|A6NEY8|PRXD1_HUMAN 4.7865328 5.3908057 4.7839175 5.0967798 3.5780802 3.3540026 0.0000000 4.4698077 0.0703223 5.0275881 0.8212867 
sp|P78600|SYPC_CANAX  3.4797732 3.5316738 3.4743302 3.3771985 2.0097181 1.9480976 4.4698077 0.0000000 4.5232780 3.3771082 4.5644675 
sp|Q9D820|PRXD1_MOUSE 4.9940690 5.3294092 5.0029988 5.2464649 3.7606698 3.4900900 0.0703223 4.5232780 0.0000000 5.2224365 0.8302760 
sp|Q9M1R2|SYPC_ARATH  0.8413289 0.8581346 0.8162534 1.4245947 3.8479150 3.8658868 5.0275881 3.3771082 5.2224365 0.0000000 4.6589666 
sp|Q6PFS2|PRXD1_DANRE 4.2549942 4.6803876 4.0323045 4.6598531 3.9006970 3.5192087 0.8212867 4.5644675 0.8302760 4.6589666 0.0000000 
