10
sp|P26638|SYSC_MOUSE  0.0000000 0.0432185 0.2205817 1.9494963 2.5307168 0.5216972 0.9468620 3.7406759 2.4868601 0.9401965 
sp|P49591|SYSC_HUMAN  0.0432185 0.0000000 0.2246846 1.9686757 2.5282319 0.5192731 0.9600098 3.7322352 2.5129051 0.9106021 
sp|Q6DRC0|SYSC_DANRE  0.2205817 0.2246846 0.0000000 1.9614695 2.5818246 0.5002073 0.9327028 3.6027979 2.5487209 0.9381512 
sp|Q8RWT8|SYSM_ARATH  1.9494963 1.9686757 1.9614695 0.0000000 1.5320710 2.0671685 1.8250618 2.8458142 1.5432192 1.9153590 
sp|Q9NP81|SYSM_HUMAN  2.5307168 2.5282319 2.5818246 1.5320710 0.0000000 2.4135820 2.3552325 3.2183895 0.1649667 2.3818933 
sp|Q18678|SYSC_CAEEL  0.5216972 0.5192731 0.5002073 2.0671685 2.4135820 0.0000000 0.8826172 3.7510172 2.3486985 0.8769267 
sp|Q39230|SYSC_ARATH  0.9468620 0.9600098 0.9327028 1.8250618 2.3552325 0.8826172 0.0000000 3.6092929 2.3385361 0.7537021 
sp|Q95T19|SLIMP_DROME 3.7406759 3.7322352 3.6027979 2.8458142 3.2183895 3.7510172 3.6092929 0.0000000 3.1859512 3.8540730 
sp|Q9JJL8|SYSM_MOUSE  2.4868601 2.5129051 2.5487209 1.5432192 0.1649667 2.3486985 2.3385361 3.1859512 0.0000000 2.2803901 
sp|Q7KWQ2|SYSC_DICDI  0.9401965 0.9106021 0.9381512 1.9153590 2.3818933 0.8769267 0.7537021 3.8540730 2.2803901 0.0000000 
