12
sp|A2RTX5|SYTC2_HUMAN 0.0000000 0.4153010 0.1559232 0.9815010 0.4185300 2.1133776 1.1725994 0.7899648 0.9962779 0.8982113 1.4158235 1.3884143 
sp|P26639|SYTC_HUMAN  0.4153010 0.0000000 0.4249930 0.9693824 0.0551490 2.0280446 1.1598445 0.7444047 0.9882592 0.8706749 1.3596509 1.3955633 
sp|Q8BLY2|SYTC2_MOUSE 0.1559232 0.4249930 0.0000000 0.9924425 0.4418841 2.1527000 1.1269100 0.7933116 0.9782689 0.8825765 1.3612824 1.3328046 
sp|Q9BW92|SYTM_HUMAN  0.9815010 0.9693824 0.9924425 0.0000000 0.9565818 2.4581329 1.4548479 1.2532416 0.2049329 1.2393610 1.7378669 1.6718046 
sp|Q9D0R2|SYTC_MOUSE  0.4185300 0.0551490 0.4418841 0.9565818 0.0000000 2.0196378 1.1406495 0.7341939 0.9773335 0.8756301 1.3458065 1.3767442 
sp|F4IFC5|SYTM2_ARATH 2.1133776 2.0280446 2.1527000 2.4581329 2.0196378 0.0000000 2.1878587 2.1620988 2.5644878 2.4300433 2.4937287 2.5819132 
sp|O04630|SYTM1_ARATH 1.1725994 1.1598445 1.1269100 1.4548479 1.1406495 2.1878587 0.0000000 1.0370997 1.4634265 0.9825923 0.4327585 1.4280391 
sp|P52709|SYTC_CAEEL  0.7899648 0.7444047 0.7933116 1.2532416 0.7341939 2.1620988 1.0370997 0.0000000 1.3124322 0.9241517 1.1836857 1.4032709 
sp|Q3UQ84|SYTM_MOUSE  0.9962779 0.9882592 0.9782689 0.2049329 0.9773335 2.5644878 1.4634265 1.3124322 0.0000000 1.2151559 1.6764444 1.6394757 
sp|Q54J66|SYTC1_DICDI 0.8982113 0.8706749 0.8825765 1.2393610 0.8756301 2.4300433 0.9825923 0.9241517 1.2151559 0.0000000 1.2135411 1.2128353 
sp|Q8GZ45|SYTC_ARATH  1.4158235 1.3596509 1.3612824 1.7378669 1.3458065 2.4937287 0.4327585 1.1836857 1.6764444 1.2135411 0.0000000 1.6341798 
sp|Q8MP20|SYTC2_DICDI 1.3884143 1.3955633 1.3328046 1.6718046 1.3767442 2.5819132 1.4280391 1.4032709 1.6394757 1.2128353 1.6341798 0.0000000 
