12
sp|A2RTX5|SYTC2_HUMAN 0.0000000 0.4152923 0.1559223 0.9814549 0.4185208 2.1130600 1.1725159 0.7899395 0.9962201 0.8981618 1.4157160 1.3882878 
sp|P26639|SYTC_HUMAN  0.4152923 0.0000000 0.4249847 0.9693453 0.0551489 2.0277965 1.1597545 0.7443781 0.9882057 0.8706228 1.3595770 1.3954739 
sp|Q8BLY2|SYTC2_MOUSE 0.1559223 0.4249847 0.0000000 0.9923951 0.4418751 2.1524479 1.1268378 0.7932826 0.9782076 0.8825347 1.3612105 1.3326948 
sp|Q9BW92|SYTM_HUMAN  0.9814549 0.9693453 0.9923951 0.0000000 0.9565441 2.4579341 1.4547216 1.2531674 0.2049311 1.2392754 1.7376814 1.6716761 
sp|Q9D0R2|SYTC_MOUSE  0.4185208 0.0551489 0.4418751 0.9565441 0.0000000 2.0193975 1.1405745 0.7341699 0.9772816 0.8755781 1.3457412 1.3766586 
sp|F4IFC5|SYTM2_ARATH 2.1130600 2.0277965 2.1524479 2.4579341 2.0193975 0.0000000 2.1876943 2.1619233 2.5641876 2.4297304 2.4932368 2.5816453 
sp|O04630|SYTM1_ARATH 1.1725159 1.1597545 1.1268378 1.4547216 1.1405745 2.1876943 0.0000000 1.0370306 1.4632865 0.9825361 0.4327486 1.4279226 
sp|P52709|SYTC_CAEEL  0.7899395 0.7443781 0.7932826 1.2531674 0.7341699 2.1619233 1.0370306 0.0000000 1.3123308 0.9241209 1.1836231 1.4031639 
sp|Q3UQ84|SYTM_MOUSE  0.9962201 0.9882057 0.9782076 0.2049311 0.9772816 2.5641876 1.4632865 1.3123308 0.0000000 1.2150572 1.6762790 1.6393553 
sp|Q54J66|SYTC1_DICDI 0.8981618 0.8706228 0.8825347 1.2392754 0.8755781 2.4297304 0.9825361 0.9241209 1.2150572 0.0000000 1.2134532 1.2127396 
sp|Q8GZ45|SYTC_ARATH  1.4157160 1.3595770 1.3612105 1.7376814 1.3457412 2.4932368 0.4327486 1.1836231 1.6762790 1.2134532 0.0000000 1.6339805 
sp|Q8MP20|SYTC2_DICDI 1.3882878 1.3954739 1.3326948 1.6716761 1.3766586 2.5816453 1.4279226 1.4031639 1.6393553 1.2127396 1.6339805 0.0000000 
