22
pdb|4TUB|XY    0.0000000 0.0000010 0.8304104 0.0000010 3.4622640 0.2937000 0.0000010 3.4622640 3.4622640 0.9015581 0.5901813 0.9467698 0.9467698 0.9467698 0.9467698 0.9467698 0.9467698 0.9467698 0.9467698 0.9467698 0.9467698 8.9999983 
pdb|4TUB|QY    0.0000010 0.0000000 0.8304104 0.0000010 3.4622640 0.2937000 0.0000010 3.4622640 3.4622640 0.9015581 0.5901813 0.9467698 0.9467698 0.9467698 0.9467698 0.9467698 0.9467698 0.9467698 0.9467698 0.9467698 0.9467698 8.9999983 
MH899682.1     0.8304104 0.8304104 0.0000000 1.2414161 1.6406435 0.5615911 1.2603033 1.2453293 1.7173796 1.3293038 1.0935064 1.6212135 1.6300902 1.6350071 1.6128580 1.6328250 1.5632630 1.5704321 1.8291036 1.4834039 1.6445110 1.4412371 
D12500.1       0.0000010 0.0000010 1.2414161 0.0000000 0.6605876 1.1076421 0.4368364 0.5473544 0.5579903 1.0325643 0.4891160 1.4747643 1.5705817 1.4916273 1.5733339 1.5887157 1.5241938 1.5059888 1.4820845 1.3298258 1.4428870 0.8443234 
EU876903.1     3.4622640 3.4622640 1.6406435 0.6605876 0.0000000 1.4867883 0.3574400 0.2243987 0.4949037 1.7525768 1.2417656 1.7363452 1.8025126 1.7520642 1.7771929 1.8017495 1.7351662 1.6884005 1.9360185 1.8923992 1.7172891 0.9477488 
JF421572.1     0.2937000 0.2937000 0.5615911 1.1076421 1.4867883 0.0000000 0.8107694 1.2737541 2.1869538 1.0741286 1.4411306 1.3284599 1.3302340 1.3238147 1.3558236 1.3714113 1.4214211 1.4048145 1.6244532 1.4453056 1.3209154 1.6282515 
M10251.1       0.0000010 0.0000010 1.2603033 0.4368364 0.3574400 0.8107694 0.0000000 0.4004666 0.4445254 1.6269708 0.6383107 1.6025486 1.6139882 1.6096879 1.6848265 1.6492752 1.6025486 1.6139882 1.6139882 1.6492752 1.6492752 0.8349139 
DQ233652.1     3.4622640 3.4622640 1.2453293 0.5473544 0.2243987 1.2737541 0.4004666 0.0000000 0.2351631 1.6012962 0.9526188 2.0004367 2.0638052 2.0638052 2.0638052 2.0638052 2.0004367 2.0326194 1.9385996 2.0326194 1.8621252 0.3396843 
DQ023210.1     3.4622640 3.4622640 1.7173796 0.5579903 0.4949037 2.1869538 0.4445254 0.2351631 0.0000000 1.9337352 1.3873409 2.0174875 2.1268102 2.1268102 2.1268102 2.1268102 2.0803871 2.1065336 2.2291687 2.1065336 1.9373583 0.6542861 
NM_001183658.6 0.9015581 0.9015581 1.3293038 1.0325643 1.7525768 1.0741286 1.6269708 1.6012962 1.9337352 0.0000000 1.1546161 1.4994619 1.5203786 1.5264142 1.5612266 1.5507027 1.5020432 1.4876766 1.6063024 1.4670905 1.4982625 1.3266394 
AH003110.2     0.5901813 0.5901813 1.0935064 0.4891160 1.2417656 1.4411306 0.6383107 0.9526188 1.3873409 1.1546161 0.0000000 1.3618705 1.4333777 1.4303238 1.4200780 1.4331326 1.3479933 1.3351979 1.5018489 1.3273464 1.3887808 0.9993173 
PX120915.1     0.9467698 0.9467698 1.6212135 1.4747643 1.7363452 1.3284599 1.6025486 2.0004367 2.0174875 1.4994619 1.3618705 0.0000000 0.0208656 0.0152987 0.0198989 0.0181273 0.0062928 0.0179133 0.0296358 0.0157488 0.0265056 1.5607244 
PX120914.1     0.9467698 0.9467698 1.6300902 1.5705817 1.8025126 1.3302340 1.6139882 2.0638052 2.1268102 1.5203786 1.4333777 0.0208656 0.0000000 0.0122791 0.0146762 0.0097644 0.0146935 0.0062482 0.0654587 0.0156396 0.0231683 1.5541222 
PX120913.1     0.9467698 0.9467698 1.6350071 1.4916273 1.7520642 1.3238147 1.6096879 2.0638052 2.1268102 1.5264142 1.4303238 0.0152987 0.0122791 0.0000000 0.0155751 0.0106422 0.0126490 0.0073085 0.0569211 0.0143053 0.0207074 1.5781965 
PX120912.1     0.9467698 0.9467698 1.6128580 1.5733339 1.7771929 1.3558236 1.6848265 2.0638052 2.1268102 1.5612266 1.4200780 0.0198989 0.0146762 0.0155751 0.0000000 0.0114004 0.0157944 0.0200510 0.0653548 0.0185906 0.0223458 1.5831291 
PX120911.1     0.9467698 0.9467698 1.6328250 1.5887157 1.8017495 1.3714113 1.6492752 2.0638052 2.1268102 1.5507027 1.4331326 0.0181273 0.0097644 0.0106422 0.0114004 0.0000000 0.0126363 0.0126216 0.0599615 0.0128540 0.0190210 1.5910795 
PX120909.1     0.9467698 0.9467698 1.5632630 1.5241938 1.7351662 1.4214211 1.6025486 2.0004367 2.0803871 1.5020432 1.3479933 0.0062928 0.0146935 0.0126490 0.0157944 0.0126363 0.0000000 0.0136467 0.0137906 0.0184788 0.0243714 1.5460140 
PX120907.1     0.9467698 0.9467698 1.5704321 1.5059888 1.6884005 1.4048145 1.6139882 2.0326194 2.1065336 1.4876766 1.3351979 0.0179133 0.0062482 0.0073085 0.0200510 0.0126216 0.0136467 0.0000000 0.0105330 0.0142056 0.0211234 1.5519001 
PP887428.1     0.9467698 0.9467698 1.8291036 1.4820845 1.9360185 1.6244532 1.6139882 1.9385996 2.2291687 1.6063024 1.5018489 0.0296358 0.0654587 0.0569211 0.0653548 0.0599615 0.0137906 0.0105330 0.0000000 0.0173513 0.0742433 1.7437800 
ON946746.1     0.9467698 0.9467698 1.4834039 1.3298258 1.8923992 1.4453056 1.6492752 2.0326194 2.1065336 1.4670905 1.3273464 0.0157488 0.0156396 0.0143053 0.0185906 0.0128540 0.0184788 0.0142056 0.0173513 0.0000000 0.0074748 1.4929760 
ON946745.1     0.9467698 0.9467698 1.6445110 1.4428870 1.7172891 1.3209154 1.6492752 1.8621252 1.9373583 1.4982625 1.3887808 0.0265056 0.0231683 0.0207074 0.0223458 0.0190210 0.0243714 0.0211234 0.0742433 0.0074748 0.0000000 1.5071399 
K00637.1       8.9999983 8.9999983 1.4412371 0.8443234 0.9477488 1.6282515 0.8349139 0.3396843 0.6542861 1.3266394 0.9993173 1.5607244 1.5541222 1.5781965 1.5831291 1.5910795 1.5460140 1.5519001 1.7437800 1.4929760 1.5071399 0.0000000 
