25
pdb|8ZFI|Z  0.0000000 0.0000010 0.0000010 0.0000010 0.1895130 0.0000010 0.0000010 0.0000010 0.2727725 0.0000010 0.6868362 1.0102268 0.0000010 1.4298558 1.4298558 1.4298558 1.5384978 1.4298558 0.0000010 0.0000010 1.4928330 1.8073741 2.1040827 0.2794478 0.7787529 
pdb|8ZFI|Y  0.0000010 0.0000000 0.0000010 0.0000010 0.1895130 0.0000010 0.0000010 0.0000010 0.2727725 0.0000010 0.6868362 1.0102268 0.0000010 1.4298558 1.4298558 1.4298558 1.5384978 1.4298558 0.0000010 0.0000010 1.4928330 1.8073741 2.1040827 0.2794478 0.7787529 
pdb|8ZEJ|Z  0.0000010 0.0000010 0.0000000 0.0000010 0.1895130 0.0000010 0.0000010 0.0000010 0.2727725 0.0000010 0.6868362 1.0102268 0.0000010 1.4298558 1.4298558 1.4298558 1.5384978 1.4298558 0.0000010 0.0000010 1.4928330 1.8073741 2.1040827 0.2794478 0.7787529 
pdb|8ZEJ|Y  0.0000010 0.0000010 0.0000010 0.0000000 0.1895130 0.0000010 0.0000010 0.0000010 0.2727725 0.0000010 0.6868362 1.0102268 0.0000010 1.4298558 1.4298558 1.4298558 1.5384978 1.4298558 0.0000010 0.0000010 1.4928330 1.8073741 2.1040827 0.2794478 0.7787529 
pdb|8QOA|Y  0.1895130 0.1895130 0.1895130 0.1895130 0.0000000 0.1895130 0.1988954 0.1895130 0.2727725 0.1928210 0.7148433 0.9041501 0.0000010 0.9479305 0.9479305 0.9479305 1.0234043 0.9479305 0.0000010 0.0000010 1.0807200 1.1191575 1.1985997 0.1801802 0.9072017 
pdb|7O1C|B8 0.0000010 0.0000010 0.0000010 0.0000010 0.1895130 0.0000000 0.0000010 0.0000010 0.2727725 0.0000010 0.6868362 1.0102268 0.0000010 1.4298558 1.4298558 1.4298558 1.5384978 1.4298558 0.0000010 0.0000010 1.4928330 1.8073741 2.1040827 0.2794478 0.7787529 
pdb|7O1A|B8 0.0000010 0.0000010 0.0000010 0.0000010 0.1988954 0.0000010 0.0000000 0.0000010 0.2727725 0.0000010 0.7079509 1.0508163 0.0000010 1.4059506 1.4059506 1.4059506 1.5151775 1.4059506 0.0000010 0.0000010 1.4741574 1.8073741 2.1040827 0.2952675 0.8344717 
pdb|7O19|B8 0.0000010 0.0000010 0.0000010 0.0000010 0.1895130 0.0000010 0.0000010 0.0000000 0.2727725 0.0000010 0.6868362 1.0102268 0.0000010 1.4298558 1.4298558 1.4298558 1.5384978 1.4298558 0.0000010 0.0000010 1.4928330 1.8073741 2.1040827 0.2794478 0.7787529 
pdb|6NWY|XX 0.2727725 0.2727725 0.2727725 0.2727725 0.2727725 0.2727725 0.2727725 0.2727725 0.0000000 0.2727725 0.3062195 0.6569148 0.6641930 0.7019202 0.7019202 0.7019202 0.7019202 0.7019202 0.8478108 0.8478108 0.2983740 0.8478108 0.8478108 0.1847100 0.1588220 
pdb|6NWY|XV 0.0000010 0.0000010 0.0000010 0.0000010 0.1928210 0.0000010 0.0000010 0.0000010 0.2727725 0.0000000 0.7039832 1.0102268 0.0000010 1.4298558 1.4298558 1.4298558 1.5384978 1.4298558 0.0000010 0.0000010 1.4928330 1.8073741 2.1040827 0.2850149 0.8344717 
AH003110.2  0.6868362 0.6868362 0.6868362 0.6868362 0.7148433 0.6868362 0.7079509 0.6868362 0.3062195 0.7039832 0.0000000 0.9108980 0.0221219 1.1248580 1.1509460 1.1530037 1.1521308 1.1590485 1.0672680 1.0704310 1.1680182 1.1329020 1.1335478 0.7177224 0.6963084 
X12926.1    1.0102268 1.0102268 1.0102268 1.0102268 0.9041501 1.0102268 1.0508163 1.0102268 0.6569148 1.0102268 0.9108980 0.0000000 1.0592390 0.7535203 0.7783234 0.7784320 0.7825891 0.7821866 0.7056176 0.7171921 0.8129239 0.7470948 0.7523110 0.9689865 0.9692201 
X07167.1    0.0000010 0.0000010 0.0000010 0.0000010 0.0000010 0.0000010 0.0000010 0.0000010 0.6641930 0.0000010 0.0221219 1.0592390 0.0000000 1.0405701 1.0405701 1.0405701 1.0405701 1.0405701 1.0405701 1.0405701 1.0405701 0.9752200 0.9752200 1.2000807 1.2359293 
PX120915.1  1.4298558 1.4298558 1.4298558 1.4298558 0.9479305 1.4298558 1.4059506 1.4298558 0.7019202 1.4298558 1.1248580 0.7535203 1.0405701 0.0000000 0.0135314 0.0108158 0.0126018 0.0108063 0.0031616 0.0158874 0.0257139 0.0127205 0.0147406 0.9375210 0.9414314 
PX120914.1  1.4298558 1.4298558 1.4298558 1.4298558 0.9479305 1.4298558 1.4059506 1.4298558 0.7019202 1.4298558 1.1509460 0.7783234 1.0405701 0.0135314 0.0000000 0.0098349 0.0147500 0.0098037 0.0147616 0.0062809 0.0621156 0.0105787 0.0126091 1.0071622 0.9656240 
PX120913.1  1.4298558 1.4298558 1.4298558 1.4298558 0.9479305 1.4298558 1.4059506 1.4298558 0.7019202 1.4298558 1.1530037 0.7784320 1.0405701 0.0108158 0.0098349 0.0000000 0.0131304 0.0081876 0.0127293 0.0105596 0.0559812 0.0084696 0.0105158 0.9943566 0.9587581 
PX120912.1  1.5384978 1.5384978 1.5384978 1.5384978 1.0234043 1.5384978 1.5151775 1.5384978 0.7019202 1.5384978 1.1521308 0.7825891 1.0405701 0.0126018 0.0147500 0.0131304 0.0000000 0.0114502 0.0158715 0.0201054 0.0621562 0.0137783 0.0179179 0.9975524 0.9645614 
PX120911.1  1.4298558 1.4298558 1.4298558 1.4298558 0.9479305 1.4298558 1.4059506 1.4298558 0.7019202 1.4298558 1.1590485 0.7821866 1.0405701 0.0108063 0.0098037 0.0081876 0.0114502 0.0000000 0.0126734 0.0126440 0.0568413 0.0063374 0.0105051 1.0058314 0.9626615 
PX120909.1  0.0000010 0.0000010 0.0000010 0.0000010 0.0000010 0.0000010 0.0000010 0.0000010 0.8478108 0.0000010 1.0672680 0.7056176 1.0405701 0.0031616 0.0147616 0.0127293 0.0158715 0.0126734 0.0000000 0.0137116 0.0138787 0.0126517 0.0149781 0.9133031 0.9160035 
PX120907.1  0.0000010 0.0000010 0.0000010 0.0000010 0.0000010 0.0000010 0.0000010 0.0000010 0.8478108 0.0000010 1.0704310 0.7171921 1.0405701 0.0158874 0.0062809 0.0105596 0.0201054 0.0126440 0.0137116 0.0000000 0.0149183 0.0126198 0.0149402 0.9247131 0.9164887 
PP887428.1  1.4928330 1.4928330 1.4928330 1.4928330 1.0807200 1.4928330 1.4741574 1.4928330 0.2983740 1.4928330 1.1680182 0.8129239 1.0405701 0.0257139 0.0621156 0.0559812 0.0621562 0.0568413 0.0138787 0.0149183 0.0000000 0.0084630 0.0136863 1.0794093 0.9946255 
PP809582.1  1.8073741 1.8073741 1.8073741 1.8073741 1.1191575 1.8073741 1.8073741 1.8073741 0.8478108 1.8073741 1.1329020 0.7470948 0.9752200 0.0127205 0.0105787 0.0084696 0.0137783 0.0063374 0.0126517 0.0126198 0.0084630 0.0000000 0.0095343 0.9109763 0.9196013 
PP809581.1  2.1040827 2.1040827 2.1040827 2.1040827 1.1985997 2.1040827 2.1040827 2.1040827 0.8478108 2.1040827 1.1335478 0.7523110 0.9752200 0.0147406 0.0126091 0.0105158 0.0179179 0.0105051 0.0149781 0.0149402 0.0136863 0.0095343 0.0000000 0.9140132 0.9373978 
K00637.1    0.2794478 0.2794478 0.2794478 0.2794478 0.1801802 0.2794478 0.2952675 0.2794478 0.1847100 0.2850149 0.7177224 0.9689865 1.2000807 0.9375210 1.0071622 0.9943566 0.9975524 1.0058314 0.9133031 0.9247131 1.0794093 0.9109763 0.9140132 0.0000000 0.0672929 
EU081774.1  0.7787529 0.7787529 0.7787529 0.7787529 0.9072017 0.7787529 0.8344717 0.7787529 0.1588220 0.8344717 0.6963084 0.9692201 1.2359293 0.9414314 0.9656240 0.9587581 0.9645614 0.9626615 0.9160035 0.9164887 0.9946255 0.9196013 0.9373978 0.0672929 0.0000000 
