26
pdb|8PEG|X 0.0000000 0.0000010 0.0000010 0.0000010 0.0000010 1.1969032 0.8557069 0.4926411 0.4244029 0.3455292 1.1438887 1.5499318 0.0000010 0.0000010 4.6140661 4.6140661 4.6140661 4.6140661 4.6140661 4.6140661 4.6140661 4.6140661 4.6140661 4.6140661 1.0718543 0.3144530 
pdb|7OIG|z 0.0000010 0.0000000 0.0000010 0.0000010 1.0765614 0.4930785 0.8966798 0.0372146 0.0000010 0.0118171 1.1464226 0.6773293 0.5822506 0.6254001 1.1929825 1.1929825 1.1929825 1.1929825 1.1929825 1.1929825 1.1929825 1.1929825 1.1929825 1.1929825 0.4337355 0.9858634 
pdb|7OIF|z 0.0000010 0.0000010 0.0000000 0.0000010 1.0765614 0.4930785 0.8966798 0.0372146 0.0000010 0.0118171 1.1464226 0.6773293 0.5822506 0.6254001 1.1929825 1.1929825 1.1929825 1.1929825 1.1929825 1.1929825 1.1929825 1.1929825 1.1929825 1.1929825 0.4337355 0.9858634 
pdb|7NWW|z 0.0000010 0.0000010 0.0000010 0.0000000 1.0765614 0.4930785 0.8966798 0.0372146 0.0000010 0.0118171 1.1464226 0.6773293 0.5822506 0.6254001 1.1929825 1.1929825 1.1929825 1.1929825 1.1929825 1.1929825 1.1929825 1.1929825 1.1929825 1.1929825 0.4337355 0.9858634 
pdb|8JOZ|B 0.0000010 1.0765614 1.0765614 1.0765614 0.0000000 0.7652769 1.0511426 0.6790417 0.0000010 0.9637502 1.1400465 0.2618867 0.0000010 0.0000010 0.0000010 0.0000010 0.0000010 0.0000010 0.0000010 0.0000010 0.0000010 0.0000010 0.0000010 0.0000010 0.7448330 0.7337064 
EU876908.1 1.1969032 0.4930785 0.4930785 0.4930785 0.7652769 0.0000000 1.0188427 0.8725894 1.1948841 0.9614932 1.2053867 0.7704814 0.7095142 0.9026947 0.6969000 0.6969000 0.6969000 0.6969000 0.6969000 0.6989503 0.6989503 0.6989503 0.6969000 0.6969000 0.8500298 1.2074645 
AF135406.1 0.8557069 0.8966798 0.8966798 0.8966798 1.0511426 1.0188427 0.0000000 1.0939288 1.0301450 1.3556159 1.0663471 1.0518031 1.6730239 1.1727404 1.3469064 1.3469064 1.3469064 1.3469064 1.3469064 1.3430998 1.3430998 1.3430998 1.3469064 1.3469064 1.2142758 1.3109187 
DQ023211.1 0.4926411 0.0372146 0.0372146 0.0372146 0.6790417 0.8725894 1.0939288 0.0000000 0.4926411 0.3129892 1.2454760 1.2109217 0.6452115 0.5679348 1.4332051 1.4332051 1.4332051 1.4332051 1.4332051 1.4332051 1.4332051 1.4332051 1.4332051 1.4332051 0.8534486 1.2128025 
X01580.1   0.4244029 0.0000010 0.0000010 0.0000010 0.0000010 1.1948841 1.0301450 0.4926411 0.0000000 0.2903134 1.8327915 1.3749294 0.0000010 0.0000010 4.8869053 4.8869053 4.8869053 4.8869053 4.8869053 4.8869053 4.8869053 4.8869053 4.8869053 4.8869053 1.4798079 0.3504254 
X52787.1   0.3455292 0.0118171 0.0118171 0.0118171 0.9637502 0.9614932 1.3556159 0.3129892 0.2903134 0.0000000 1.6033701 1.2174520 0.9457217 0.8208937 1.0550366 1.0550366 1.0550366 1.0550366 1.0550366 1.0592211 1.0592211 1.0592211 1.0550366 1.0550366 0.8934074 1.1816337 
AH003110.2 1.1438887 1.1464226 1.1464226 1.1464226 1.1400465 1.2053867 1.0663471 1.2454760 1.8327915 1.6033701 0.0000000 1.0965954 0.9355091 0.8089776 0.9160107 0.9160107 0.9160107 0.9160107 0.9160107 0.9184005 0.9184005 0.9184005 0.9160107 0.9160107 1.1125126 1.2555020 
L36344.1   1.5499318 0.6773293 0.6773293 0.6773293 0.2618867 0.7704814 1.0518031 1.2109217 1.3749294 1.2174520 1.0965954 0.0000000 0.9116912 0.9360360 0.7554309 0.7554309 0.7554309 0.7554309 0.7554309 0.7668053 0.7668053 0.7668053 0.7554309 0.7554309 0.8762398 1.1977438 
X74268.1   0.0000010 0.5822506 0.5822506 0.5822506 0.0000010 0.7095142 1.6730239 0.6452115 0.0000010 0.9457217 0.9355091 0.9116912 0.0000000 0.5120266 1.1022532 1.1022532 1.1022532 1.1022532 1.1022532 1.1022532 1.1022532 1.1022532 1.1022532 1.1022532 0.5533857 0.8577870 
K02210.1   0.0000010 0.6254001 0.6254001 0.6254001 0.0000010 0.9026947 1.1727404 0.5679348 0.0000010 0.8208937 0.8089776 0.9360360 0.5120266 0.0000000 1.1396700 1.1396700 1.1396700 1.1396700 1.1396700 1.1396700 1.1396700 1.1396700 1.1396700 1.1396700 1.0571658 0.9344945 
PV816170.1 4.6140661 1.1929825 1.1929825 1.1929825 0.0000010 0.6969000 1.3469064 1.4332051 4.8869053 1.0550366 0.9160107 0.7554309 1.1022532 1.1396700 0.0000000 0.0000010 0.0000010 0.0000010 0.0000010 0.0050677 0.0050677 0.0050677 0.0000010 0.0000010 0.8819691 1.0335642 
PV816169.1 4.6140661 1.1929825 1.1929825 1.1929825 0.0000010 0.6969000 1.3469064 1.4332051 4.8869053 1.0550366 0.9160107 0.7554309 1.1022532 1.1396700 0.0000010 0.0000000 0.0000010 0.0000010 0.0000010 0.0050677 0.0050677 0.0050677 0.0000010 0.0000010 0.8819691 1.0335642 
PV816168.1 4.6140661 1.1929825 1.1929825 1.1929825 0.0000010 0.6969000 1.3469064 1.4332051 4.8869053 1.0550366 0.9160107 0.7554309 1.1022532 1.1396700 0.0000010 0.0000010 0.0000000 0.0000010 0.0000010 0.0050677 0.0050677 0.0050677 0.0000010 0.0000010 0.8819691 1.0335642 
PV816167.1 4.6140661 1.1929825 1.1929825 1.1929825 0.0000010 0.6969000 1.3469064 1.4332051 4.8869053 1.0550366 0.9160107 0.7554309 1.1022532 1.1396700 0.0000010 0.0000010 0.0000010 0.0000000 0.0000010 0.0050677 0.0050677 0.0050677 0.0000010 0.0000010 0.8819691 1.0335642 
PV816166.1 4.6140661 1.1929825 1.1929825 1.1929825 0.0000010 0.6969000 1.3469064 1.4332051 4.8869053 1.0550366 0.9160107 0.7554309 1.1022532 1.1396700 0.0000010 0.0000010 0.0000010 0.0000010 0.0000000 0.0050677 0.0050677 0.0050677 0.0000010 0.0000010 0.8819691 1.0335642 
PV816165.1 4.6140661 1.1929825 1.1929825 1.1929825 0.0000010 0.6989503 1.3430998 1.4332051 4.8869053 1.0592211 0.9184005 0.7668053 1.1022532 1.1396700 0.0050677 0.0050677 0.0050677 0.0050677 0.0050677 0.0000000 0.0000010 0.0000010 0.0050677 0.0050677 0.8851180 1.0495218 
PV816164.1 4.6140661 1.1929825 1.1929825 1.1929825 0.0000010 0.6989503 1.3430998 1.4332051 4.8869053 1.0592211 0.9184005 0.7668053 1.1022532 1.1396700 0.0050677 0.0050677 0.0050677 0.0050677 0.0050677 0.0000010 0.0000000 0.0000010 0.0050677 0.0050677 0.8851180 1.0495218 
PV816163.1 4.6140661 1.1929825 1.1929825 1.1929825 0.0000010 0.6989503 1.3430998 1.4332051 4.8869053 1.0592211 0.9184005 0.7668053 1.1022532 1.1396700 0.0050677 0.0050677 0.0050677 0.0050677 0.0050677 0.0000010 0.0000010 0.0000000 0.0050677 0.0050677 0.8851180 1.0495218 
PV816162.1 4.6140661 1.1929825 1.1929825 1.1929825 0.0000010 0.6969000 1.3469064 1.4332051 4.8869053 1.0550366 0.9160107 0.7554309 1.1022532 1.1396700 0.0000010 0.0000010 0.0000010 0.0000010 0.0000010 0.0050677 0.0050677 0.0050677 0.0000000 0.0000010 0.8819691 1.0335642 
PV816161.1 4.6140661 1.1929825 1.1929825 1.1929825 0.0000010 0.6969000 1.3469064 1.4332051 4.8869053 1.0550366 0.9160107 0.7554309 1.1022532 1.1396700 0.0000010 0.0000010 0.0000010 0.0000010 0.0000010 0.0050677 0.0050677 0.0050677 0.0000010 0.0000000 0.8819691 1.0335642 
EU084746.1 1.0718543 0.4337355 0.4337355 0.4337355 0.7448330 0.8500298 1.2142758 0.8534486 1.4798079 0.8934074 1.1125126 0.8762398 0.5533857 1.0571658 0.8819691 0.8819691 0.8819691 0.8819691 0.8819691 0.8851180 0.8851180 0.8851180 0.8819691 0.8819691 0.0000000 1.2387000 
K00637.1   0.3144530 0.9858634 0.9858634 0.9858634 0.7337064 1.2074645 1.3109187 1.2128025 0.3504254 1.1816337 1.2555020 1.1977438 0.8577870 0.9344945 1.0335642 1.0335642 1.0335642 1.0335642 1.0335642 1.0495218 1.0495218 1.0495218 1.0335642 1.0335642 1.2387000 0.0000000 
