10
sp|P26640|SYVC_HUMAN  0.0000000 1.3948637 1.8070287 1.2485981 1.9257933 0.0738690 1.2280004 1.7063232 1.2658569 1.0116040 
sp|P93736|SYVM1_ARATH 1.3948637 0.0000000 1.9441669 1.6660147 1.8378130 1.3450673 1.6727868 1.6669469 1.2574934 1.2869977 
sp|P96142|SYV_THETH   1.8070287 1.9441669 0.0000000 2.0556711 1.7027651 1.8104767 1.9747074 2.1125868 1.9561409 2.0602375 
sp|Q5ST30|SYVM_HUMAN  1.2485981 1.6660147 2.0556711 0.0000000 2.0706342 1.2791391 0.2098781 1.9674120 1.5997701 1.5118240 
sp|F4KE63|SYVM2_ARATH 1.9257933 1.8378130 1.7027651 2.0706342 0.0000000 1.9397325 2.0721770 1.8589086 1.8539154 1.8611455 
sp|Q9Z1Q9|SYVC_MOUSE  0.0738690 1.3450673 1.8104767 1.2791391 1.9397325 0.0000000 1.2380151 1.7031514 1.2463704 1.0062168 
sp|Q3U2A8|SYVM_MOUSE  1.2280004 1.6727868 1.9747074 0.2098781 2.0721770 1.2380151 0.0000000 2.0002861 1.5797938 1.5213411 
sp|Q54I78|SYVM_DICDI  1.7063232 1.6669469 2.1125868 1.9674120 1.8589086 1.7031514 2.0002861 0.0000000 1.5725214 1.6735181 
sp|Q86KU2|SYVC_DICDI  1.2658569 1.2574934 1.9561409 1.5997701 1.8539154 1.2463704 1.5797938 1.5725214 0.0000000 1.3225437 
sp|Q9U1Q4|SYV_CAEEL   1.0116040 1.2869977 2.0602375 1.5118240 1.8611455 1.0062168 1.5213411 1.6735181 1.3225437 0.0000000 
