36
GAB4808425.1          0.0000000 3.6613332 3.8783164 0.8546519 0.7813523 0.8968967 3.4402339 3.6813635 3.6514617 4.3202678 3.7756050 3.5327838 3.8331762 0.8451229 0.9000578 1.8311694 1.6999852 1.6802374 1.5302094 1.8759429 1.8747361 1.8079879 1.7299348 1.2568789 1.7942454 1.4148817 1.4308298 1.4261629 0.8293508 4.1443736 3.9601016 4.6179978 4.0066446 5.0908145 1.3722191 4.7644029 
sp|Q9WYY4.1|SYP_THEMA 3.6613332 0.0000000 1.1103694 3.5632597 3.6627177 3.6653157 1.3025690 1.0942349 1.2397332 1.7667277 1.3777988 1.0893904 1.5205355 3.8517388 3.4867148 3.2840713 3.1209762 3.1851661 3.2535497 3.3912720 3.3298891 3.1438500 3.1415291 3.8930981 3.3069142 3.9704456 4.1999249 3.7971834 3.7263796 1.8257769 1.6982080 3.2188688 2.6167110 3.4857176 3.9112869 3.6126983 
sp|O66690.1|SYP_AQUAE 3.8783164 1.1103694 0.0000000 3.4029696 3.8538565 3.6252165 1.4562272 1.1716266 1.4494466 1.7202268 1.3945248 1.1492287 1.5828407 3.8964209 3.4545513 3.2831361 3.4916249 3.4091736 3.5377898 3.5913812 3.6211655 2.9446889 2.9060193 3.8048581 3.5594826 4.2140246 4.0920930 4.1203569 3.7888074 1.7512644 1.7218442 3.4703414 2.4220806 3.5887848 4.3439624 3.7798997 
sp|Q9RUW4.1|SYP_DEIRA 0.8546519 3.5632597 3.4029696 0.0000000 1.0240955 1.2657931 3.3610044 3.4909816 3.3199257 3.4130851 3.5289386 3.3961755 3.1622995 1.2714710 1.1591895 2.2059211 2.0734374 1.9456794 1.8130530 2.1973335 2.0468523 2.0640336 1.9500308 1.5187529 2.0300402 1.6806975 1.7255711 1.7030193 1.2600349 3.6778101 3.7122721 4.8753437 3.5996572 5.3929507 1.7476784 3.8379038 
sp|A9W9Q2.1|SYP_CHLAA 0.7813523 3.6627177 3.8538565 1.0240955 0.0000000 0.9235126 3.7414629 3.7114259 3.9193309 4.1668998 3.7813064 3.5292411 3.7020671 0.8450112 0.7583976 1.9004496 2.0528812 1.7979857 1.7752546 2.1315494 2.1502479 2.0433200 1.8886650 1.4980495 1.9274242 1.5104478 1.5301838 1.5293864 0.8978099 3.9141655 3.8510662 3.9087062 3.6193957 4.2275887 1.4709788 3.6639121 
WP_012642009.1        0.8968967 3.6653157 3.6252165 1.2657931 0.9235126 0.0000000 3.7390661 3.5979126 3.5901954 4.1901625 3.9580368 3.5869122 3.7796132 1.1435126 1.0226294 1.9085797 2.1126412 1.7648965 1.7808928 2.0386233 1.8931714 1.8469295 1.8339506 1.3718680 1.7640170 1.3486300 1.3800738 1.3909027 0.9880688 4.2415945 4.4201672 4.8226615 4.0052403 5.2588082 1.3909528 4.5628144 
YBP39778.1            3.4402339 1.3025690 1.4562272 3.3610044 3.7414629 3.7390661 0.0000000 1.0444925 0.4109989 1.6466150 1.2158486 0.9596224 1.5614268 3.6774166 3.2745910 3.1702331 3.1318714 3.3591912 3.2420947 3.3880505 3.1797600 3.0356330 3.0109805 3.5311048 3.4111617 4.1530601 4.1291856 4.0472432 3.6761594 1.6754719 1.6473496 4.1837693 2.4498199 4.5167080 3.8255920 4.2853769 
WP_446124581.1        3.6813635 1.0942349 1.1716266 3.4909816 3.7114259 3.5979126 1.0444925 0.0000000 1.0155338 1.6807840 1.2911586 1.0091169 1.3461001 3.6879022 3.3608478 3.3135125 3.2733405 3.2895781 3.5311095 3.3256553 3.6802093 3.1229158 3.0689835 3.7630356 3.6827571 3.9788596 4.1942232 3.9828567 3.7276120 1.7970856 1.7336500 3.2061353 2.5090969 3.4901717 4.2221872 3.5407501 
ARG88855.1            3.6514617 1.2397332 1.4494466 3.3199257 3.9193309 3.5901954 0.4109989 1.0155338 0.0000000 1.5461380 1.1080594 0.9793695 1.5167741 3.8307043 3.4178739 3.2650084 3.2225528 3.4935987 3.5852041 3.3902464 3.2784853 3.1091500 2.9940663 3.8568531 3.5033422 4.3027149 4.1199401 4.2203466 3.6302259 1.6165435 1.6856888 4.0203039 2.4500216 4.4057497 4.0051879 4.3890924 
XAM62497.1            4.3202678 1.7667277 1.7202268 3.4130851 4.1668998 4.1901625 1.6466150 1.6807840 1.5461380 0.0000000 1.6223908 1.6968395 0.8640779 4.3273344 3.8889072 3.9190503 3.7577509 3.4765331 3.5548708 3.8589123 3.8942906 3.3482766 3.2918370 4.3454367 3.7212345 4.7046552 4.7956727 4.7073743 4.3781635 1.9496220 1.9801379 4.3686217 2.4280405 4.5121195 4.6842560 4.6473660 
sp|P73942.2|SYP_SYNY3 3.7756050 1.3777988 1.3945248 3.5289386 3.7813064 3.9580368 1.2158486 1.2911586 1.1080594 1.6223908 0.0000000 1.2562592 1.6897816 4.0706965 3.6312677 3.4102358 3.3787971 3.7163318 3.6732674 3.7093799 3.8302057 3.2813755 3.2782161 3.9679605 3.7188878 4.0762224 3.9890184 4.0668502 3.8770604 1.8079383 1.7675380 4.4750425 2.4822050 4.6569643 4.3808436 4.2559554 
sp|Q74D59.1|SYP_GEOSL 3.5327838 1.0893904 1.1492287 3.3961755 3.5292411 3.5869122 0.9596224 1.0091169 0.9793695 1.6968395 1.2562592 0.0000000 1.4719613 3.9232236 3.3830772 3.1723337 3.0557865 3.2227766 3.1877058 3.2716209 3.5358599 2.8598013 2.7550113 3.6302394 3.6533784 4.0338632 3.6752030 3.9562689 3.6368359 1.6526454 1.5809758 3.8375110 2.3134136 4.2498405 3.8553835 3.9974353 
sp|Q9KYR6.1|SYP_STRCO 3.8331762 1.5205355 1.5828407 3.1622995 3.7020671 3.7796132 1.5614268 1.3461001 1.5167741 0.8640779 1.6897816 1.4719613 0.0000000 3.8641633 3.4980245 3.4817510 3.4862587 3.2717775 3.2769472 3.4161986 3.6916560 3.0230994 3.1199427 3.7447454 3.4591787 3.8705160 4.1989282 3.8197499 4.1261921 1.8610711 1.8272413 4.0395142 2.2730281 4.2413119 4.5156668 3.9838666 
sp|Q8KCD1.1|SYP_CHLTE 0.8451229 3.8517388 3.8964209 1.2714710 0.8450112 1.1435126 3.6774166 3.6879022 3.8307043 4.3273344 4.0706965 3.9232236 3.8641633 0.0000000 0.6791062 1.8220868 1.9222917 1.8151682 1.6870759 2.0623003 1.9696782 1.9033051 2.0042803 1.4576877 1.9384830 1.4744519 1.6786281 1.4911196 0.9294341 4.3263501 4.5844581 5.9179165 4.1646498 6.5562765 1.4465539 4.1377977 
GAB7123046.1          0.9000578 3.4867148 3.4545513 1.1591895 0.7583976 1.0226294 3.2745910 3.3608478 3.4178739 3.8889072 3.6312677 3.3830772 3.4980245 0.6791062 0.0000000 1.9097748 2.0342984 1.8045747 1.7349435 2.2066354 2.0358098 2.0023917 1.9334450 1.6192133 1.9570953 1.5092504 1.6606873 1.6135778 1.0370085 3.5577995 3.6990410 4.4713640 3.6043285 4.8811858 1.4367863 3.4953564 
sp|Q58635.1|SYP_METJA 1.8311694 3.2840713 3.2831361 2.2059211 1.9004496 1.9085797 3.1702331 3.3135125 3.2650084 3.9190503 3.4102358 3.1723337 3.4817510 1.8220868 1.9097748 0.0000000 0.7781258 1.0713553 0.9613739 0.9352990 1.0918220 1.1553885 1.1997825 1.9985007 1.2635586 1.8444664 2.0139996 1.7984144 1.8621376 3.8842744 3.7686439 6.3328647 3.3134464 6.0587138 1.9871772 5.2842588 
sp|O26708.1|SYP_METTH 1.6999852 3.1209762 3.4916249 2.0734374 2.0528812 2.1126412 3.1318714 3.2733405 3.2225528 3.7577509 3.3787971 3.0557865 3.4862587 1.9222917 2.0342984 0.7781258 0.0000000 1.0581505 1.0167774 0.8565784 1.2259483 1.2215864 1.2186703 2.0231319 1.3268843 1.9497254 2.0890367 1.9596196 1.9930227 3.7579395 3.6636622 5.6273561 3.5105836 5.3951335 1.9754583 5.1205756 
WP_011012437.1        1.6802374 3.1851661 3.4091736 1.9456794 1.7979857 1.7648965 3.3591912 3.2895781 3.4935987 3.4765331 3.7163318 3.2227766 3.2717775 1.8151682 1.8045747 1.0713553 1.0581505 0.0000000 0.1986660 1.0541299 1.0862897 1.1780049 1.1757008 1.8596901 1.0089019 1.7831614 1.8588142 1.7869822 1.6816595 4.2074297 4.1906839 5.2726429 3.7446955 4.9794207 1.7890572 5.1612068 
sp|Q5JF49.1|SYP_THEKO 1.5302094 3.2535497 3.5377898 1.8130530 1.7752546 1.7808928 3.2420947 3.5311095 3.5852041 3.5548708 3.6732674 3.1877058 3.2769472 1.6870759 1.7349435 0.9613739 1.0167774 0.1986660 0.0000000 1.0461623 1.0826953 1.1891398 1.2127049 1.8675254 0.9545193 1.8287328 1.8719051 1.8082189 1.5795885 3.9600181 4.0712438 5.2511020 3.7711181 4.9543176 1.7695583 5.6101672 
sp|O28664.2|SYP_ARCFU 1.8759429 3.3912720 3.5913812 2.1973335 2.1315494 2.0386233 3.3880505 3.3256553 3.3902464 3.8589123 3.7093799 3.2716209 3.4161986 2.0623003 2.2066354 0.9352990 0.8565784 1.0541299 1.0461623 0.0000000 1.2375489 1.2577468 1.2899231 2.0980482 1.2206429 1.9974540 2.0894359 2.0399031 2.1045750 4.6655439 4.5056251 6.2151629 3.7524181 6.0846941 2.1176408 5.6625856 
sp|Q4J8L4.1|SYP_SULAC 1.8747361 3.3298891 3.6211655 2.0468523 2.1502479 1.8931714 3.1797600 3.6802093 3.2784853 3.8942906 3.8302057 3.5358599 3.6916560 1.9696782 2.0358098 1.0918220 1.2259483 1.0862897 1.0826953 1.2375489 0.0000000 1.0503649 1.0726953 2.2086160 1.2772292 2.0572770 2.1963309 2.0741628 1.8528672 4.0738035 4.2045256 5.3787840 3.4904021 5.2773517 2.1526786 4.9907512 
sp|Q8ZVQ9.1|SYP_PYRAE 1.8079879 3.1438500 2.9446889 2.0640336 2.0433200 1.8469295 3.0356330 3.1229158 3.1091500 3.3482766 3.2813755 2.8598013 3.0230994 1.9033051 2.0023917 1.1553885 1.2215864 1.1780049 1.1891398 1.2577468 1.0503649 0.0000000 0.1839398 2.1263603 1.3918271 1.9444088 1.9503253 1.8592329 1.9647618 3.6172073 3.5741592 5.1907973 3.4541993 5.3918377 2.1547421 5.0211748 
sp|B1Y963.1|SYP_PYRNV 1.7299348 3.1415291 2.9060193 1.9500308 1.8886650 1.8339506 3.0109805 3.0689835 2.9940663 3.2918370 3.2782161 2.7550113 3.1199427 2.0042803 1.9334450 1.1997825 1.2186703 1.1757008 1.2127049 1.2899231 1.0726953 0.1839398 0.0000000 2.0956922 1.4248600 2.0357080 1.9661118 1.9254077 1.8453421 3.7931129 3.6488791 4.9737199 3.5087317 5.1633134 2.1564573 4.8725554 
sp|Q9HS52.2|SYP_HALSA 1.2568789 3.8930981 3.8048581 1.5187529 1.4980495 1.3718680 3.5311048 3.7630356 3.8568531 4.3454367 3.9679605 3.6302394 3.7447454 1.4576877 1.6192133 1.9985007 2.0231319 1.8596901 1.8675254 2.0980482 2.2086160 2.1263603 2.0956922 0.0000000 2.0842523 1.5829801 1.6367094 1.6245463 1.4198372 4.6566598 4.4835288 5.6965554 4.0783607 6.2717072 1.5272023 4.6977297 
sp|Q9HJN0.1|SYP_THEAC 1.7942454 3.3069142 3.5594826 2.0300402 1.9274242 1.7640170 3.4111617 3.6827571 3.5033422 3.7212345 3.7188878 3.6533784 3.4591787 1.9384830 1.9570953 1.2635586 1.3268843 1.0089019 0.9545193 1.2206429 1.2772292 1.3918271 1.4248600 2.0842523 0.0000000 1.9308298 1.9787560 1.9506441 1.8430911 4.1652473 4.3617926 5.1837406 3.6560453 4.8139635 1.9056634 6.2318363 
sp|P07814|SYEP_HUMAN  1.4148817 3.9704456 4.2140246 1.6806975 1.5104478 1.3486300 4.1530601 3.9788596 4.3027149 4.7046552 4.0762224 4.0338632 3.8705160 1.4744519 1.5092504 1.8444664 1.9497254 1.7831614 1.8287328 1.9974540 2.0572770 1.9444088 2.0357080 1.5829801 1.9308298 0.0000000 0.7771942 0.1187288 1.5155991 3.9966370 4.1265614 5.0861777 4.2038992 5.5605901 0.8482853 4.2775719 
sp|P28668|SYEP_DROME  1.4308298 4.1999249 4.0920930 1.7255711 1.5301838 1.3800738 4.1291856 4.1942232 4.1199401 4.7956727 3.9890184 3.6752030 4.1989282 1.6786281 1.6606873 2.0139996 2.0890367 1.8588142 1.8719051 2.0894359 2.1963309 1.9503253 1.9661118 1.6367094 1.9787560 0.7771942 0.0000000 0.7623595 1.7018506 4.2463873 4.4766394 6.5561816 4.1911577 7.2504328 0.8758595 5.0546831 
sp|Q8CGC7|SYEP_MOUSE  1.4261629 3.7971834 4.1203569 1.7030193 1.5293864 1.3909027 4.0472432 3.9828567 4.2203466 4.7073743 4.0668502 3.9562689 3.8197499 1.4911196 1.6135778 1.7984144 1.9596196 1.7869822 1.8082189 2.0399031 2.0741628 1.8592329 1.9254077 1.6245463 1.9506441 0.1187288 0.7623595 0.0000000 1.5597678 3.9284992 4.0384904 5.6794898 4.1902507 6.2529580 0.8256394 4.6332218 
sp|Q9FYR6|SYPM_ARATH  0.8293508 3.7263796 3.7888074 1.2600349 0.8978099 0.9880688 3.6761594 3.7276120 3.6302259 4.3781635 3.8770604 3.6368359 4.1261921 0.9294341 1.0370085 1.8621376 1.9930227 1.6816595 1.5795885 2.1045750 1.8528672 1.9647618 1.8453421 1.4198372 1.8430911 1.5155991 1.7018506 1.5597678 0.0000000 4.5033638 4.3982947 5.9072034 4.1947382 6.5145255 1.4786730 5.0824878 
sp|Q7L3T8|SYPM_HUMAN  4.1443736 1.8257769 1.7512644 3.6778101 3.9141655 4.2415945 1.6754719 1.7970856 1.6165435 1.9496220 1.8079383 1.6526454 1.8610711 4.3263501 3.5577995 3.8842744 3.7579395 4.2074297 3.9600181 4.6655439 4.0738035 3.6172073 3.7931129 4.6566598 4.1652473 3.9966370 4.2463873 3.9284992 4.5033638 0.0000000 0.2271383 3.5802068 2.1891176 4.3807175 4.7335847 3.5241017 
sp|Q8CFI5|SYPM_MOUSE  3.9601016 1.6982080 1.7218442 3.7122721 3.8510662 4.4201672 1.6473496 1.7336500 1.6856888 1.9801379 1.7675380 1.5809758 1.8272413 4.5844581 3.6990410 3.7686439 3.6636622 4.1906839 4.0712438 4.5056251 4.2045256 3.5741592 3.6488791 4.4835288 4.3617926 4.1265614 4.4766394 4.0384904 4.3982947 0.2271383 0.0000000 3.4150836 2.1878679 4.0894079 4.7200688 3.3729630 
sp|A6NEY8|PRXD1_HUMAN 4.6179978 3.2188688 3.4703414 4.8753437 3.9087062 4.8226615 4.1837693 3.2061353 4.0203039 4.3686217 4.4750425 3.8375110 4.0395142 5.9179165 4.4713640 6.3328647 5.6273561 5.2726429 5.2511020 6.2151629 5.3787840 5.1907973 4.9737199 5.6965554 5.1837406 5.0861777 6.5561816 5.6794898 5.9072034 3.5802068 3.4150836 0.0000000 4.8820108 0.0706487 5.6022508 0.8680982 
sp|P78600|SYPC_CANAX  4.0066446 2.6167110 2.4220806 3.5996572 3.6193957 4.0052403 2.4498199 2.5090969 2.4500216 2.4280405 2.4822050 2.3134136 2.2730281 4.1646498 3.6043285 3.3134464 3.5105836 3.7446955 3.7711181 3.7524181 3.4904021 3.4541993 3.5087317 4.0783607 3.6560453 4.2038992 4.1911577 4.1902507 4.1947382 2.1891176 2.1878679 4.8820108 0.0000000 5.0429113 4.1602236 4.9854063 
sp|Q9D820|PRXD1_MOUSE 5.0908145 3.4857176 3.5887848 5.3929507 4.2275887 5.2588082 4.5167080 3.4901717 4.4057497 4.5121195 4.6569643 4.2498405 4.2413119 6.5562765 4.8811858 6.0587138 5.3951335 4.9794207 4.9543176 6.0846941 5.2773517 5.3918377 5.1633134 6.2717072 4.8139635 5.5605901 7.2504328 6.2529580 6.5145255 4.3807175 4.0894079 0.0706487 5.0429113 0.0000000 6.1816111 0.8700333 
sp|Q9M1R2|SYPC_ARATH  1.3722191 3.9112869 4.3439624 1.7476784 1.4709788 1.3909528 3.8255920 4.2221872 4.0051879 4.6842560 4.3808436 3.8553835 4.5156668 1.4465539 1.4367863 1.9871772 1.9754583 1.7890572 1.7695583 2.1176408 2.1526786 2.1547421 2.1564573 1.5272023 1.9056634 0.8482853 0.8758595 0.8256394 1.4786730 4.7335847 4.7200688 5.6022508 4.1602236 6.1816111 0.0000000 5.3583802 
sp|Q6PFS2|PRXD1_DANRE 4.7644029 3.6126983 3.7798997 3.8379038 3.6639121 4.5628144 4.2853769 3.5407501 4.3890924 4.6473660 4.2559554 3.9974353 3.9838666 4.1377977 3.4953564 5.2842588 5.1205756 5.1612068 5.6101672 5.6625856 4.9907512 5.0211748 4.8725554 4.6977297 6.2318363 4.2775719 5.0546831 4.6332218 5.0824878 3.5241017 3.3729630 0.8680982 4.9854063 0.8700333 5.3583802 0.0000000 
